0.002100
20.020400
15.523700
14.926300
15.553600
16.696800
15.209000
15.939700
15.179400
15.402800
16.094400
15.942300
15.240700
18.135500
19.854500
24.163300
15.664200
15.077000
15.977600
14.900000
15.270200
16.467100
15.979000
16.101000
15.293300
14.960100
16.368200
23.726200
23.423800
17.475700
15.168700
16.751300
13.447700
16.261500
17.240300
14.080200
15.216900
15.351500
15.670300
15.153800
15.057000
16.484000
14.731100
30.161900
16.792500
15.756800
15.093600
16.867300
16.030400
15.228300
15.791200
16.797400
15.301900
18.379800
15.269300
13.200200
15.048800
16.512300
15.457800
20.312400
24.652100
15.287000
16.004600
13.866600
21.656100
11.762500
13.989400
15.738600
18.143200
14.197700
14.588900
15.980100
17.114200
14.876800
15.966900
15.175600
15.737500
16.644600
19.670000
26.297600
15.663200
15.609100
16.328200
15.874100
16.000200
15.875500
16.522100
15.260600
14.947200
15.360100
15.138000
15.494900
128.583200
49.206000
36.190700
28.801200
26.893600
13.417600
15.894800
15.993500
15.625500
15.163500
15.557000
15.546000
15.889700
15.062100
15.362600
15.738300
15.912200
15.854900
15.297600
15.334300
14.993000
